95.06242103595136 62.055717331864756 15
80.90880430018645 53.851484085947334 15
67.47515502340623 1.396421411158566 15
56.331970632634984 22.41448391664718 15
95.48717564853129 85.60786369394982 15
40.1797753603481 87.13492823340732 15
72.00760024363841 76.35928443873445 15
35.721144177824115 24.361657964918535 15
7.623537362079624 16.022072802146823 15
53.91343972861219 59.51412047192829 15
28.9871853927242 3.143500815446143 15
67.18347478348862 84.47994165458785 15
22.992880717457385 15.37374462823432 15
97.98522949432879 35.343888534123444 15
96.66309864913211 5.201463940609042 15
1.7257799305384736 81.26996538176049 15
79.98405869079618 71.1400826303418 15
77.48427863856782 38.37101428401706 15
3.4588619225494277 27.267085312921857 15
31.237759183398605 40.74826785646635 15
38.06227145229251 79.14379943317871 15
5.374099140554012 74.33264052529266 15
51.520592813754064 96.69447617441513 15
18.323621303675107 16.69062837816664 15
13.876105218617917 0.9640986336246105 15
50.872725300594425 85.4077703436029 15
69.84698382231639 4.556065631585859 15
89.07521922483403 81.57919758863275 15
86.37354397186589 56.81495249181335 15
22.155086179977513 53.910997846779786 15
41.44609214955424 76.2887192339823 15
43.226707223414415 71.85793076691738 15
82.58534802642295 26.40530680990415 15
12.120259416126022 69.50565587600335 15
89.15282390677662 99.31380634029169 15
65.44334680773392 31.91707626950838 15
55.598055539007284 42.84166099346896 15
46.44468710314388 87.2640517432325 15
67.6955865266978 43.0206381212067 15
57.87383755381313 61.47488591677844 15
6.548128218805937 80.32329936093124 15
73.81570584141194 12.209194127429123 15
19.19417172677219 49.140701580719806 15
8.26688803923089 64.12440910650879 15
72.73757532890546 80.66672987880884 15
57.82049809485157 28.706833718387593 15
53.44057632505657 34.82753342515556 15
19.891864969117734 21.644961463635838 15
71.87119130046474 8.90420604230533 15
30.754319956267484 77.61674279937793 15
66.08927238836063 81.76707339497744 15
20.996955059231315 96.2057485108456 15
43.64578601450064 10.691944409191612 15
68.46582182958927 6.725502535119377 15
38.67413817108719 66.93206462407795 15
3.068382050073959 74.02562316345872 15
22.157390352152152 58.314143201123144 15
23.43001367630161 18.67819477854942 15
25.746891240715854 8.668272710296554 15
58.19032550779942 54.32476061730932 15
15.533688427868986 29.885299128671893 15
33.01802845146925 95.09777610330255 15
58.431111701537674 50.630668749690344 15
95.91934831266869 98.95975910659051 15
16.64893984148168 7.871420244441896 15
11.91993375750271 36.384405066930135 15
0.3871303517549274 64.22276049415152 15
68.45522291455802 54.564347082406904 15
43.36551711905358 26.563673308407243 15
83.29377427114584 90.39547633282511 15
54.65073805455428 51.795828239614615 15
3.411667391995943 63.435495185947744 15
10.020628888454365 28.218590967110448 15
69.31010100455983 19.100342727302145 15
91.25423872044037 50.28616985375394 15
42.770577230998654 93.12963276358417 15
88.92151199888654 6.7042098874428575 15
53.06855140935558 50.39006329496915 15
85.5199595259192 61.24210312719088 15
26.638457117988512 46.8030564004002 15
71.02704801909563 60.3123536921434 15
50.22096128378997 22.534166189603212 15
75.35930079464028 62.88797760789112 15
30.949760104902303 73.28080513332984 15
14.99936078807771 27.835796068530748 15
54.73231741483819 96.7193223430143 15
34.7983429148161 30.188155380010528 15
86.43932423923188 54.04276095786156 15
0.13515817320893797 24.486787388646203 15
72.55301475766055 62.17940737250394 15
81.12049062202864 43.966302505527 15
17.98844114362592 57.152866180113136 15
32.827982659255575 20.231483815578923 15
77.0096950824093 28.93564467270021 15
28.635649349502934 47.05540849794906 15
56.712145944858186 51.847514402515884 15
16.471788403309006 85.66990889961487 15
74.1975820132121 94.02990912848173 15
26.549961652366417 19.957438850918805 15
7.917322153719331 93.14631348534965 15
86.61274502294233 88.66398357921209 15
87.24159569564237 50.98412853676428 15
45.419954939849305 49.97927424965759 15
50.662411559618 32.55041092671668 15
75.97606294009238 65.3367553904706 15
30.059536264446685 69.80664374645016 15
19.02677194947059 90.70257521933385 15
39.49395709077719 68.85201328061773 15
67.45763842057406 78.0071424618376 15
27.46107422231273 24.04857448618002 15
77.48878378781299 9.178289330081146 15
43.536107478115795 46.98247193155743 15
53.28096168012858 27.709093411282883 15
54.652255437815086 3.5313764804345005 15
16.78356763361898 44.60952889982966 15
52.92247827957818 53.89207639528547 15
77.67111787503026 20.854638268979265 15
28.593933565962114 5.5138827543389946 15
70.30600363761582 45.109259675052314 15
56.96526699653506 75.8642746288538 15
94.90804714724665 10.420107513567467 15
16.823724944885075 95.62593814497558 15
33.44244745486549 88.0890112593385 15
54.26919386791261 92.97529030697174 15
10.890258926849372 57.308949262246465 15
41.034305190346686 39.15288693786351 15
16.36505402119075 62.084078279728274 15
21.49698261267129 85.08546390958489 15
48.85646347391139 77.43527553667751 15
30.032596102073374 37.81326029907801 15
18.573758888653835 75.32034959523234 15
61.745034994297676 53.270175169901236 15
25.060431000827364 53.12346111936081 15
9.73539373307487 11.968414170776198 15
88.08676073204312 46.3779037166874 15
21.72952710370253 12.645224079018424 15
98.00606091892531 50.98887360490746 15
24.27420016503642 93.75607492826171 15
48.07781307349889 90.64598008493454 15
22.980758242128594 67.37562162873267 15
72.27416520337458 98.11272143663157 15
79.79416346223222 27.38874667955806 15
43.23750673651671 85.4134824864427 15
53.163336199967674 22.516220071316837 15
64.85944760159673 87.99980723372785 15
93.32915764147779 54.03278749661432 15
25.774618427165986 25.342544899723308 15
37.3732573079791 86.0684314366098 15
89.14601135817934 30.894760438794343 15
24.213531484589502 32.84804084377602 15
49.02213750988975 54.89767387152629 15
90.25610266904822 28.96015253388241 15
59.03883233945672 6.2087341243794665 15
83.70962270404601 12.442415390547934 15
24.790841536542597 13.819701808146112 15
10.559916711303941 73.64092294885383 15
78.50765675612242 85.7904936191514 15
96.60164464336229 70.55354251514552 15
21.813411374833546 26.11587742116036 15
42.699417382472696 63.475638728155936 15
43.08336760529404 55.557442512431635 15
31.106897927636723 92.82963073123688 15
11.010366949020767 25.312198205865144 15
74.58061969801271 54.29122698540909 15
27.03917005163622 93.41043249066416 15
96.19302570904817 16.77236536166071 15
13.679638467439448 23.08979368557722 15
26.00292153280733 3.914321450120739 15
47.45792491929088 95.10309690476356 15
82.09535268899805 39.73110170343163 15
67.63459405879459 62.671675018634566 15
13.291548105496009 82.70144925208047 15
19.227572752066024 61.27968682039465 15
89.99455023753701 64.98572600214 15
81.61801683262078 18.60890604439437 15
